A
01110
10001
11111
10001
10001

B
11110
10001
11110
10001
11111

C
01110
10001
10000
10001
01110

D
11110
10001
10001
10001
11110

E
11111
10000
11111
10000
11111

F
11111
10000
11110
10000
10000

G
01111
10000
10011
10001
01110

H
10001
11111
10001
10001
10001

I
11111
00100
00100
00100
11111

J
00001
00001
00001
10001
01110

K
10001
10010
11100
10010
10001

L
10000
10000
10000
10000
11110

M
10001
11011
10101
10001
10001

N
10001
11001
10101
10011
10001

O
01110
10001
10001
10001
01110

P
11110
10001
11110
10000
10000

Q
01110
10001
10101
10010
01101

R
11110
10001
11110
10001
10001

S
11111
10000
11111
00001
11111

T
11111
00100
00100
00100
00100

U
10001
10001
10001
10001
01110

V
10001
10001
10001
01010
00100

W
10001
10001
10101
11011
10001

X
10001
01010
00100
01010
10001

Y
10001
01010
00100
00100
00100

Z
11111
00010
00100
01000
11111

o
01110
10011
10101
11001
01110

l
00100
01100
00100
00100
01110

2
01110
10001
00110
01000
11111

3
01110
10001
00110
10001
01110

4
10001
10001
11111
00001
00001

5
11111
10000
11110
00001
11110

6
01111
10000
11110
10001
01110

7
11111
10001
00010
00100
00100

8
01110
10001
01110
10001
01110

9
01110
10001
01111
00001
01110
